- - 3915797.6313329316
  - tm:
      components:
      - kappa: -2910660.609097499
        alpha: 0.007777328267710469
        beta: -4.126597420155077
      - kappa: -4718167.675543564
        alpha: -0.004574464581118484
        beta: 2.5243709942408565
    km:
      k: 9325676.92980924
  - tm:
      components:
      - kappa: -2.1243548076411662
        alpha: -1.6126955555985314
        beta: 0.3075286824016676
      - kappa: 0.19530486820745802
        alpha: 0.11559336133160603
        beta: 0.2974923731005685
    km:
      k: -0.37366507306843955
