- - 3915797.631332931
  - tm:
      components:
      - kappa: 2910660.0308305537
        alpha: -0.007777328699676878
        beta: 4.1265976391478025
      - kappa: -4718167.1014589695
        alpha: -0.00457446442673105
        beta: 2.524370918596254
    km:
      k: 3504355.7176913265
  - tm:
      components:
      - kappa: -0.5181091161748125
        alpha: -1.1469788213118621
        beta: 1.9125202557982457
      - kappa: -0.9112006398404556
        alpha: 0.3692478324046052
        beta: -0.057627278493749545
    km:
      k: -1.1787540853691185
