- - 3915797.6313329306
  - tm:
      components:
      - kappa: 4718167.46983684
        alpha: 0.0045744644914127875
        beta: -2.5243709471030837
      - kappa: 2910660.397103698
        alpha: -0.007777328340594475
        beta: 4.126597452054739
    km:
      k: -5931979.221536511
  - tm:
      components:
      - kappa: -0.7258569314915608
        alpha: -0.23999289323529868
        beta: 1.2784565437052289
      - kappa: 0.8046950355473605
        alpha: -0.08410016746089143
        beta: -0.09000929526448168
    km:
      k: -2.6034775602928604
