- - 3915797.6313329316
  - tm:
      components:
      - kappa: -4718167.7230055155
        alpha: -0.004574464592786635
        beta: 2.5243709998860377
      - kappa: 2910660.6567582777
        alpha: -0.007777328229247511
        beta: 4.1265974005387385
    km:
      k: 3504355.7112656594
  - tm:
      components:
      - kappa: -0.5571952929974799
        alpha: 0.12064112091681509
        beta: 0.4836930169057406
      - kappa: -0.25261363215653176
        alpha: 0.5123452130024915
        beta: -2.1555294710360715
    km:
      k: 0.5742819196913302
